[-13.         -12.06877215 -11.72429882 -11.56829582 -11.44003878
 -11.47703255 -11.40622667 -11.42935449 -11.4457163  -11.39858038
 -11.46801253 -11.41639468 -11.44480631 -11.46516567 -11.42019123
 -11.48830257 -11.43917436 -11.46578289 -11.48675525 -11.44240266
 -11.50856047 -11.46153045 -11.48627654 -11.50774113 -11.46399927
 -11.52822396 -11.48322376 -11.50618328 -11.52808441 -11.48497304
 -11.54730121 -11.50426727 -11.52551988 -11.54780679 -11.50534385
 -11.56580982 -11.52468152 -11.5443008  -11.56692398 -11.52512331
 -11.58376503 -11.54448288 -11.56254253 -11.58545598 -11.54432964
 -11.60118243 -11.5636885  -11.5802587  -11.60341943 -11.56298227
 -11.61808241 -11.5823193  -11.59746829 -11.62083483 -11.58109611
 -11.63447997 -11.6003925  -11.61418526 -11.63771686 -11.59868505
 -11.65039045 -11.61792173 -11.63042205 -11.65408221 -11.61576451
 -11.66582567 -11.63492385 -11.6461929  -11.66994676 -11.63234931
 -11.68080136 -11.65141404 -11.66151179 -11.6853248  -11.64845332
 -11.69533305 -11.66740967 -11.6763914  -11.70023334 -11.66409062
 -11.70943296 -11.68292458 -11.69084734 -11.71468726 -11.67927652
 -11.72311622 -11.69797207 -11.70488865 -11.72869858 -11.69402118
 -11.73639314 -11.71256565 -11.7185267  -11.74228054 -11.70833585
 -11.74927792 -11.7267194  -11.73177589 -11.75544725 -11.72223564
 -11.76178072 -11.74044728 -11.74464479 -11.76821214 -11.73573217
 -11.77391358 -11.75376056 -11.7571466  -11.78058646 -11.74883591
 -11.78568777 -11.76667168 -11.7692886  -11.79258259 -11.76155742
 -11.79711337 -11.77919197 -11.7810837  -11.80421081 -11.77390916
 -11.80820205 -11.79133491 -11.79254165 -11.81548481 -11.78590139
 -11.81896322 -11.80311012 -11.80367159 -11.82641387 -11.79754347
 -11.82940755 -11.81452974 -11.81448314 -11.8370098  -11.80884702
 -11.83954496 -11.82560485 -11.8249867  -11.84728254 -11.81982118
 -11.84938369 -11.8363438  -11.83518881 -11.85724149 -11.83047489
 -11.85893278 -11.84675748 -11.84509936 -11.86689607 -11.84081684
 -11.86820085 -11.85685551 -11.85472603 -11.87625593 -11.85085628
 -11.87719677 -11.86664768 -11.86407786 -11.88533086 -11.86060314
 -11.88592877 -11.87614317 -11.87316204 -11.89412851 -11.87006429
 -11.89440449 -11.88535031 -11.88198637 -11.90265814 -11.87924874
 -11.90263181 -11.89427813 -11.89055765 -11.91092719 -11.88816385
 -11.91061615 -11.90293473 -11.89888484 -11.91894556 -11.89681877
 -11.91837083 -11.91132917 -11.90697405 -11.92672035 -11.90521982
 -11.92589728 -11.91946908 -11.91483205 -11.93425858 -11.91337501
 -11.93320327 -11.92736079 -11.92246519 -11.94156624 -11.92128995
 -11.94029582 -11.93501293 -11.92987994 -11.94865258 -11.92897366
 -11.94718043 -11.94243253 -11.93708242 -11.95552215 -11.93643027
 -11.9538647  -11.94962624 -11.94407919 -11.9621839  -11.94366857
 -11.96035607 -11.95660117 -11.95087507 -11.96864413 -11.95069518
 -11.96665812 -11.96336574 -11.95747935 -11.97490961 -11.95751491
 -11.97277643 -11.96992291 -11.96389304 -11.98098257 -11.96413192
 -11.97871484 -11.97627903 -11.97012141 -11.98687077 -11.97055407
 -11.98448074 -11.9824417  -11.97617222 -11.99258074 -11.97678725
 -11.99008005 -11.98841812 -11.98205147 -11.99811899 -11.98283839
 -11.99551597 -11.99421221 -11.98776115 -12.00348865 -11.98870834
 -12.00079445 -11.99982771 -11.9933064  -12.00869495 -11.99440628
 -12.00591918 -12.00527355 -11.99869348 -12.0137443  -11.99993529
 -12.01089556 -12.01055248 -12.00392596 -12.01864    -12.00529933
 -12.01572519 -12.01566864 -12.0090032  -12.02338564 -12.01050244
 -12.02041413 -12.02062664 -12.01393772 -12.02798749 -12.01555373
 -12.02497001 -12.02543622 -12.01873427 -12.03245278 -12.02045503
 -12.0293917  -12.03009748 -12.02338648 -12.03678196 -12.02520915
 -12.03368511 -12.03461438 -12.02790754 -12.0409796  -12.02982305
 -12.03785495 -12.0389957  -12.0322991  -12.04505    -12.0343001
 -12.04190439 -12.04324131 -12.03656437 -12.04899901 -12.03864388
 -12.04583641 -12.0473584  -12.04070746 -12.05282831 -12.04285914
 -12.04965557 -12.05134984 -12.04473223 -12.05654343 -12.0469498
 -12.05336478 -12.05521902 -12.04864085 -12.06014604 -12.05091837
 -12.05696733 -12.05896963 -12.05243724 -12.06363997 -12.05476955
 -12.06046691 -12.06260674 -12.0561279  -12.06703212 -12.05850784
 -12.06386629 -12.06613355 -12.05971104 -12.07032236 -12.06213458
 -12.06716898 -12.06955319 -12.06318994 -12.07351362 -12.06565162
 -12.07037296 -12.07286543 -12.0665696  -12.07660685 -12.06906502
 -12.07348804 -12.07607919 -12.06985217 -12.07961006 -12.07237624
 -12.07651301 -12.0791945  -12.07304095 -12.08252295 -12.07559006
 -12.07945143 -12.082214   -12.07613608 -12.0853475  -12.07870526
 -12.08230343 -12.0851407  -12.07914352 -12.08808928 -12.08173033
 -12.08507608 -12.08797938 -12.08206517 -12.09074848 -12.0846643
 -12.08776676 -12.09073002 -12.08489912 -12.09332776 -12.08750846
 -12.09038112 -12.09339622 -12.0876527  -12.09582977 -12.09026813
 -12.09291974 -12.09598083 -12.09032707 -12.09825746 -12.09294552
 -12.09538622 -12.09848663 -12.09292431 -12.10061277 -12.0955427
 -12.09778196 -12.10091575 -12.09544651 -12.10289785 -12.09806199
 -12.10010901 -12.10327052 -12.09789574 -12.10511495 -12.10050562
 -12.10236936 -12.10555323 -12.10027407 -12.1072658  -12.10287521
 -12.10456426 -12.10776537 -12.10258283 -12.10935259 -12.10517416
 -12.10669772 -12.10990958 -12.10482463 -12.1113764  -12.10740311
 -12.10876837 -12.11198878 -12.10700105 -12.1133405  -12.1095648
 -12.11077993 -12.1140026  -12.10911453 -12.11524648 -12.11166152
 -12.11273357 -12.11595683 -12.11116807 -12.11709559 -12.11369542
 -12.11463051 -12.11785057 -12.11316105 -12.11889099 -12.1156691
 -12.1164751  -12.11968763 -12.11509727 -12.12063178 -12.1175816
 -12.11826437 -12.12146694 -12.11697508 -12.12232158 -12.11943818
 -12.1200054  -12.12319301 -12.11880026 -12.12396327 -12.12123848
 -12.12169612 -12.12486632 -12.120573   -12.12555554 -12.12298468
 -12.123337   -12.12648903 -12.12229208 -12.12710017 -12.12467681
 -12.12493101 -12.12806063 -12.12396105 -12.12859872 -12.12631802
 -12.12647974 -12.12958391 -12.12558167 -12.13005306 -12.12790957
 -12.1279838  -12.13106064 -12.12715497 -12.13146421 -12.12945235
 -12.12944434 -12.13249305 -12.12868254 -12.13283387 -12.13094918
 -12.13086402 -12.13388162 -12.13016634 -12.13416447 -12.1324017
 -12.13224353 -12.1352274  -12.13160591 -12.13545478 -12.13380902
 -12.13358344 -12.13653257 -12.13300417 -12.13670797 -12.13517424
 -12.13488478 -12.13779817 -12.13436189 -12.13792397 -12.13649751
 -12.13614734 -12.13902425 -12.13567845 -12.1391034  -12.13777986
 -12.13737676 -12.14021289 -12.13695802 -12.14024983 -12.1390255
 -12.13857045 -12.14136674 -12.13819903 -12.14136142 -12.14023195
 -12.13972612 -12.1424841  -12.13940255 -12.14244165 -12.14140145
 -12.14085213 -12.14356766 -12.14057303 -12.1434878  -12.14253566
 -12.14194499 -12.14461721 -12.14170721 -12.14450345 -12.14363425
 -12.14300535 -12.14563491 -12.14280809 -12.14548985 -12.14470015
 -12.14403633 -12.14662194 -12.14387721 -12.14644776 -12.14573374
 -12.1450377  -12.14757891 -12.1449146  -12.14737675 -12.14673463
 -12.14600903 -12.14850532 -12.14592057 -12.14827926 -12.14770618
 -12.14695392 -12.14940524 -12.14689828 -12.1491557  -12.14864819
 -12.14787142 -12.15027722 -12.14784564 -12.15000488 -12.14955963
 -12.14876012 -12.15111999 -12.14876423 -12.15082932 -12.15044351
 -12.14962382 -12.15193796 -12.14965556 -12.15162915 -12.15129986
 -12.15046378 -12.15273254 -12.150522   -12.15240621 -12.1521307
 -12.15128014 -12.15350289 -12.15136252 -12.15316162 -12.15293708
 -12.15207294 -12.15424988 -12.15217907 -12.15389514 -12.15371899
 -12.15284368 -12.15497473 -12.15297165 -12.15460774 -12.1544774
 -12.1535925  -12.15567781 -12.15374111 -12.15529987 -12.1552129
 -12.1543201  -12.15635983 -12.15448805 -12.15597212 -12.15592616
 -12.15502707 -12.15702141 -12.15521311 -12.15662508 -12.15661783
 -12.15571395 -12.15766315 -12.1559169  -12.15725928 -12.15728857
 -12.15638132 -12.15828565 -12.15660002 -12.15787528 -12.15793897
 -12.15702969 -12.15888949 -12.15726306 -12.15847359 -12.15856965
 -12.15765962 -12.15947523 -12.15790659 -12.15905472 -12.1591812
 -12.1582716  -12.16004342 -12.15853116 -12.15961917 -12.15977418
 -12.15886613 -12.16059458 -12.15913731 -12.16016742 -12.16034939
 -12.15944391 -12.16112973 -12.15972622 -12.16070053 -12.16090764
 -12.16000573 -12.161649   -12.16029776 -12.16121836 -12.16144875
 -12.16055138 -12.16215262 -12.1608523  -12.16172125 -12.16197331
 -12.16108134 -12.16264109 -12.16139035 -12.16220965 -12.16248184
 -12.16159607 -12.16311487 -12.16191239 -12.16268396 -12.16297481
 -12.16209601 -12.16357442 -12.16241889 -12.16314461 -12.16345271
 -12.16258156 -12.16402017 -12.1629103  -12.163592   -12.163916
 -12.16305314 -12.16445254 -12.16338706 -12.16402651 -12.16436511
 -12.16351114 -12.16487195 -12.1638496  -12.16444851 -12.16480049
 -12.16395596 -12.16527823 -12.16429824 -12.16485807 -12.16522304
 -12.16438821 -12.16567398 -12.16473423 -12.16525661 -12.16563181
 -12.16480748 -12.16605668 -12.16515577 -12.1656428  -12.16602792
 -12.16521444 -12.16642735 -12.1655654  -12.16601781 -12.16641209
 -12.16560979 -12.16678662 -12.16596227 -12.16638309 -12.16678487
 -12.16599379 -12.16713646 -12.16634771 -12.16673688 -12.16714575
 -12.16636769 -12.16747502 -12.16672189 -12.1670805  -12.16749594
 -12.16672943 -12.16780414 -12.16708442 -12.1674155  -12.16783598
 -12.16708145 -12.16812376 -12.16743669 -12.16773916 -12.16816446
 -12.16742261 -12.16843292 -12.1677769  -12.16805387 -12.16848367
 -12.16775312 -12.16873357 -12.16810754 -12.16836091 -12.16879269
 -12.16807606 -12.16902536 -12.16842865 -12.16865823 -12.16909235
 -12.16838875 -12.16930793 -12.16874    -12.16894707 -12.16938292
 -12.16869248 -12.16958219 -12.16904208 -12.16922714 -12.16966473
 -12.16898712 -12.1698481  -12.16933489 -12.16949981 -12.16993737
 -12.16927358 -12.17010637 -12.16961895 -12.16976419 -12.17020237
 -12.16955168 -12.17035688 -12.16989457 -12.17002173 -12.17045876
 -12.16982174 -12.17060014 -12.17016217 -12.17027107 -12.17070757
 -12.17008409 -12.17083613 -12.17042132 -12.17051389 -12.17094877
 -12.1703386  -12.171065   -12.17067259 -12.17074937 -12.17118238
 -12.17058561 -12.17128704 -12.17091629 -12.17097815 -12.17140894
 -12.17082557 -12.17150264 -12.17115278 -12.17120049 -12.17162874
 -12.17105871 -12.17171205 -12.17138239 -12.17141692 -12.17184213
 -12.17128549 -12.17191559 -12.17160535 -12.17162739 -12.17204915
 -12.17150573 -12.1721132  -12.17182142 -12.17183164 -12.17224975
 -12.17171914 -12.1723048  -12.1720311  -12.17203028 -12.17244417
 -12.17192681 -12.1724909  -12.17223435 -12.1722229  -12.17263282
 -12.1721282  -12.17267148 -12.17243152 -12.17241058 -12.17281573
 -12.17232408 -12.17284685 -12.1726229  -12.1725924  -12.17299311
 -12.17251343 -12.17301648 -12.17280822 -12.17276783 -12.1731633
 -12.17269652 -12.17317876 -12.17298569 -12.17293732 -12.17332791
 -12.17287333 -12.17333783 -12.17315864 -12.17310318 -12.17348884
 -12.17304687 -12.17349349 -12.17332742 -12.1732646  -12.17364453
 -12.17321412 -12.173642   -12.17348926 -12.17341874 -12.17379338
 -12.17337446 -12.17378766 -12.17364457 -12.17357242 -12.17393929
 -12.17353364 -12.17393083 -12.17380067 -12.17372072 -12.17408435
 -12.17368837 -12.17406936 -12.17395032 -12.17386525 -12.17422248
 -12.17383893 -12.17420369 -12.17409539 -12.17400537 -12.17435721
 -12.17398407 -12.17433354 -12.17423629 -12.17414249 -12.1744881
 -12.17412636 -12.17445995 -12.17437318 -12.17427398 -12.174613
 -12.17426198 -12.17458142 -12.1745041  -12.17440074 -12.17473457
 -12.17439387 -12.17470104 -12.17463039 -12.17452556 -12.17485327
 -12.17452327 -12.17481761 -12.17475618 -12.17464785 -12.17496894
 -12.17464865 -12.17493014 -12.17487711 -12.17476633 -12.17508109
 -12.17477098 -12.17503937 -12.17499422 -12.17488068 -12.17518902
 -12.17488868 -12.17514496 -12.17510712 -12.17499151 -12.17529363
 -12.17500288 -12.17524752 -12.17521663 -12.17509921 -12.1753952
 -12.17511291 -12.17534648 -12.17532257 -12.17520445 -12.17549306
 -12.17522158 -12.17544463 -12.17542666 -12.17530689 -12.17558915
 -12.17532671 -12.17553914 -12.17552711 -12.17540616 -12.17568336
 -12.17542918 -12.17563106 -12.17562441 -12.17550235 -12.17577218
 -12.17552711 -12.17571946 -12.17571838 -12.17559562 -12.17586078
 -12.17562326 -12.17580564 -12.17580797 -12.17568629 -12.17594528
 -12.17571685 -12.1758904  -12.17589879 -12.17577547 -12.17602806
 -12.17580619 -12.17597171 -12.17598417 -12.17586061 -12.17610744
 -12.17589436 -12.17605068 -12.17606752 -12.17594419 -12.17618403
 -12.1759788  -12.17612765 -12.17614711 -12.17602586 -12.17625972
 -12.17606145 -12.17620211 -12.17622666 -12.17610409 -12.17633302
 -12.17614217 -12.1762762  -12.1763033  -12.17618075 -12.17640386
 -12.17622029 -12.17634555 -12.17637668 -12.17625471 -12.17647162
 -12.17629529 -12.17641438 -12.17644695 -12.17632764 -12.17653867
 -12.176369   -12.17648134 -12.17651663 -12.17639838 -12.17660356
 -12.17644002 -12.17654547 -12.17658476 -12.17646592 -12.17666646
 -12.17650943 -12.17660909 -12.17664886 -12.17653422 -12.17672737
 -12.17657645 -12.17666921 -12.17671241 -12.17659549 -12.17678549
 -12.17663978 -12.17672781 -12.17677231 -12.17665815 -12.17684222]