[ 0.55        0.56895492  0.574567    0.57786687  0.5805238   0.58010934
  0.58168474  0.5816452   0.58175198  0.58290532  0.58199091  0.58317769
  0.58305112  0.58307311  0.58417519  0.58327592  0.5844115   0.58430718
  0.58430696  0.5853867   0.58451251  0.58560502  0.58552385  0.58550382
  0.58656164  0.58571247  0.58676309  0.58670395  0.58666538  0.58770154
  0.58687713  0.58788725  0.58784888  0.587793    0.58880746  0.58800736
  0.5889782   0.58895949  0.58888732  0.58988024  0.58910432  0.59003703
  0.5900369   0.58994954  0.59092105  0.59016882  0.59106461  0.59108203
  0.59098051  0.59193089  0.59120201  0.59206206  0.59209598  0.59198132
  0.59291056  0.5922048   0.59303007  0.59307951  0.59295267  0.59386107
  0.59317803  0.59396963  0.59403371  0.59389551  0.59478318  0.59412245
  0.59488152  0.59495931  0.59481072  0.59567791  0.59503894  0.59576656
  0.59585726  0.59569893  0.59654581  0.59592847  0.59662574  0.59672831
  0.59656131  0.59738805  0.59679181  0.59745949  0.5975734   0.5973982
  0.59820513  0.59762959  0.59826879  0.59839315  0.59821064  0.59899808
  0.59844269  0.59905425  0.59918831  0.59899905  0.59976717  0.59923173
  0.59981658  0.59995961  0.59976439  0.60051348  0.59999754  0.60055658
  0.60070791  0.60050731  0.60123758  0.60074066  0.60127486  0.60143381
  0.60122838  0.60194013  0.6014618   0.60197187  0.60213792  0.6019283
  0.60262182  0.60216156  0.60264843  0.60282091  0.60260757  0.60328314
  0.60284071  0.60330514  0.60348349  0.60326695  0.60392489  0.60349974
  0.60394246  0.60412618  0.60390695  0.60454752  0.60413928  0.60456115
  0.60474967  0.60452821  0.60515172  0.60475998  0.60516171  0.60535449
  0.60513122  0.60573796  0.60536226  0.6057445   0.60594118  0.60571652
  0.60630679  0.60594672  0.60631017  0.60651025  0.60628459  0.60685869
  0.60651384  0.60685923  0.60706228  0.60683596  0.60739421  0.6070642
  0.60739219  0.60759779  0.60737122  0.60791389  0.60759824  0.60790947
  0.60811721  0.60789068  0.60841808  0.60811646  0.60841155  0.60862109
  0.60839491  0.60890734  0.60861934  0.60889887  0.60910989  0.60888428
  0.60938202  0.60910728  0.60937191  0.60958409  0.60935937  0.60984282
  0.60958084  0.60983104  0.61004401  0.60982054  0.61028992  0.61004038
  0.61027672  0.61049023  0.61026817  0.61072374  0.61048622  0.61070925
  0.61092299  0.61070254  0.61114466  0.61091884  0.61112916  0.61134288
  0.61112425  0.61155319  0.61133863  0.61153667  0.61175011  0.61153347
  0.6119495   0.61174599  0.61193227  0.61214522  0.61193072  0.61233425
  0.61214129  0.61231617  0.61252842  0.6123164   0.6127076   0.6125249
  0.61268907  0.61290039  0.6126908   0.61306992  0.61289709  0.61305073
  0.61326089  0.61305403  0.6134214   0.61325814  0.61340176  0.61361067
  0.61340658  0.61376247  0.61360846  0.61374255  0.61394999  0.61374883
  0.61409358  0.61394846  0.61407351  0.61427929  0.61408108  0.61441479
  0.61427836  0.61439456  0.61459859  0.61440343  0.61472658  0.61459832
  0.6147062   0.61490833  0.61471641  0.61502907  0.61490888  0.61500867
  0.61520881  0.61502015  0.61532266  0.61521015  0.61530228  0.61550027
  0.61531489  0.61560741  0.61550221  0.61558702  0.61578277  0.61560075
  0.61588369  0.61578565  0.61586349  0.616057    0.61587848  0.61615207
  0.61606091  0.61613205  0.61632301  0.6161479   0.6164123   0.61632761
  0.61639239  0.6165809   0.61640933  0.6166648   0.61658644  0.61664517
  0.61683115  0.61666314  0.61690992  0.61683762  0.61689055  0.6170739
  0.61690946  0.61714777  0.61708128  0.61712875  0.6173094   0.61714855
  0.61737869  0.61731773  0.61735995  0.61753786  0.61738063  0.61760282
  0.61754716  0.61758441  0.61775954  0.61760591  0.61782032  0.61776972
  0.61780226  0.61797456  0.61782453  0.61803132  0.61798565  0.61801373
  0.61818321  0.61803682  0.61823634  0.61819533  0.61821916  0.61838567
  0.61824289  0.61843527  0.6183987   0.61841851  0.61858213  0.61844294
  0.61862836  0.61859598  0.61861199  0.61877264  0.61863693  0.61881555
  0.61878723  0.61879972  0.61895745  0.61882536  0.61899747  0.618973
  0.618982    0.61913677  0.61900823  0.61917401  0.61915318  0.61915898
  0.61931082  0.61918574  0.6193453   0.61932793  0.61933071  0.61947956
  0.61935792  0.61951151  0.61949748  0.61949742  0.61964339  0.61952518
  0.61967293  0.61966202  0.61965929  0.61980225  0.61968744  0.61982954
  0.61982153  0.61981631  0.61995637  0.61984484  0.61998142  0.61997625
  0.61996868  0.62010587  0.61999763  0.62012889  0.62012642  0.62011666
  0.62025093  0.62014596  0.62027206  0.62027211  0.62026029  0.62039167
  0.62028991  0.62041102  0.62041344  0.62039971  0.6205282   0.62042961
  0.62054589  0.62055054  0.62053503  0.62066067  0.6205652   0.62067679
  0.62068354  0.62066637  0.62078919  0.62069676  0.6208038   0.62081252
  0.62079382  0.62091385  0.62082446  0.62092711  0.62093768  0.62091754
  0.62103473  0.62094838  0.62104679  0.62105907  0.62103765  0.62115209
  0.62106856  0.62116286  0.62117672  0.62115409  0.6212659   0.62118528
  0.62127558  0.62129094  0.62126724  0.6213763   0.62129849  0.62138495
  0.62140178  0.62137708  0.62148354  0.62140846  0.62149119  0.62150934
  0.62148372  0.62158756  0.62151504  0.62159415  0.62161354  0.62158711
  0.62168836  0.62161861  0.62169429  0.62171478  0.62168761  0.62178632
  0.62171913  0.62179139  0.62181291  0.62178514  0.62188133  0.62181666
  0.62188569  0.62190811  0.62187973  0.6219735   0.62191119  0.62197706
  0.62200043  0.62197155  0.62206285  0.62200299  0.62206581  0.62208994
  0.62206065  0.62214958  0.62209206  0.62215195  0.62217679  0.62214712
  0.62223373  0.62217846  0.62223554  0.62226109  0.6222311   0.62231537
  0.62226234  0.62231668  0.62234284  0.6223126   0.62239463  0.6223438
  0.62239551  0.62242211  0.6223917   0.6224715   0.62242277  0.62247195
  0.62249905  0.6224685   0.62254612  0.62249945  0.62254619  0.62257369
  0.62254305  0.62261854  0.62257384  0.62261822  0.62264604  0.62261534
  0.62268872  0.622646    0.62268815  0.62271626  0.62268559  0.6227569
  0.62271612  0.62275606  0.62278441  0.6227538   0.62282305  0.62278404
  0.62282187  0.62285042  0.62281985  0.62288719  0.62284993  0.62288575
  0.62291451  0.62288408  0.62294942  0.62291394  0.6229478   0.6229766
  0.62294634  0.62300978  0.62297596  0.62300794  0.62303684  0.62300676
  0.62306834  0.62303616  0.62306635  0.62309529  0.62306543  0.6231252
  0.6230946   0.62312306  0.62315199  0.62312238  0.62318036  0.62315123
  0.62317802  0.62320691  0.62317757  0.62323381  0.62320624  0.62323145
  0.62326028  0.62323123  0.62328577  0.62325962  0.6232833   0.62331201
  0.62328328  0.6233361   0.62331131  0.62333352  0.62336198  0.62333358
  0.62338489  0.62336148  0.62338228  0.62341054  0.62338251  0.62343223
  0.62341012  0.62342957  0.6234578   0.62343013  0.62347827  0.62345734
  0.6234755   0.62350358  0.62347631  0.6235229   0.62350322  0.62352014
  0.62354799  0.62352112  0.62356626  0.62354773  0.62356347  0.6235911
  0.62356465  0.62360835  0.62359095  0.62360555  0.62363293  0.6236069
  0.62364921  0.62363289  0.62364641  0.62367351  0.62364793  0.62368887
  0.62367359  0.62368608  0.6237129   0.62368776  0.62372737  0.6237131
  0.62372459  0.62375111  0.62372644  0.62376474  0.62375144  0.62376199
  0.62378819  0.62376398  0.62380102  0.62378865  0.62379829  0.62382417
  0.62380043  0.62383624  0.62382475  0.62383354  0.62385908  0.62383582
  0.62387042  0.62385979  0.62386775  0.62389295  0.62387017  0.6239036
  0.6238938   0.62390098  0.62392582  0.62390352  0.62393581  0.62392679
  0.62393323  0.62395774  0.62393592  0.6239671   0.62395885  0.62396458
  0.62398871  0.62396738  0.62399748  0.62398995  0.62399501  0.62401876
  0.62399792  0.62402696  0.62402013  0.62402455  0.62404791  0.62402756
  0.62405558  0.62404941  0.62405322  0.62407619  0.62405633  0.62408335
  0.62407781  0.62408104  0.62410363  0.62408425  0.62411031  0.62410536
  0.62410805  0.62413024  0.62411135  0.62413647  0.6241321   0.62413427
  0.62415606  0.62413766  0.62416186  0.62415803  0.62415972  0.62418111
  0.62416319  0.6241865   0.6241832   0.62418442  0.62420541  0.62418797
  0.62421045  0.62420764  0.62420843  0.62422903  0.62421203  0.62423364
  0.62423129  0.62423168  0.62425187  0.62423534  0.62425613  0.62425424
  0.62425423  0.62427404  0.62425798  0.62427799  0.6242765   0.62427614
  0.62429553  0.62427995  0.62429923  0.62429817  0.62429746  0.62431641
  0.62430128  0.62431979  0.62431912  0.62431809  0.62433666  0.62432196
  0.62433974  0.62433947  0.6243381   0.6243563   0.62434208  0.6243592
  0.6243592   0.62435757  0.62437539  0.62436158  0.62437796  0.6243783
  0.62437645  0.62439387  0.62438048  0.62439622  0.62439688  0.62439476
  0.62441181  0.62439884  0.62441397  0.62441488  0.62441255  0.62442921
  0.62441664  0.62443117  0.62443234  0.62442981  0.6244461   0.62443394
  0.62444787  0.62444929  0.62444657  0.62446248  0.62445072  0.62446408
  0.62446573  0.62446282  0.6244784   0.62446702  0.6244798   0.62448169
  0.62447862  0.62449379  0.62448282  0.62449508  0.62449716  0.62449394
  0.62450877  0.62449817  0.62450989  0.62451217  0.62450883  0.62452328
  0.62451306  0.62452429  0.62452676  0.62452328  0.62453738  0.62452753
  0.62453826  0.62454088  0.62453729  0.62455104  0.62454154  0.6245518
  0.62455457  0.62455089  0.6245643   0.62455515  0.62456495  0.62456787
  0.6245641   0.62457717  0.62456836  0.62457773  0.62458078  0.62457693
  0.62458967  0.6245812   0.62459014  0.62459332  0.6245894   0.6246018
  0.62459366  0.62460219  0.62460548  0.6246015   0.62461358  0.62460576
  0.62461389  0.62461728  0.62461325  0.62462503  0.62461749  0.62462524
  0.62462872  0.62462465  0.6246361   0.62462889  0.62463626  0.62463982
  0.62463572  0.62464687  0.62463994  0.62464696  0.62465058  0.62464646
  0.6246573   0.62465067  0.62465735  0.62466103  0.62465689  0.62466744
  0.62466104  0.62466738  0.6246711   0.62466694  0.62467713  0.62467102
  0.62467705  0.62468082  0.62467665  0.62468656  0.62468076  0.62468647
  0.62469031  0.62468614  0.6246958   0.62469023  0.62469566  0.62469951
  0.62469535  0.62470472  0.62469936  0.62470451  0.62470829  0.62470415
  0.6247133   0.62470822  0.62471314  0.62471701  0.62471295  0.62472183
  0.62471697  0.62472158  0.6247255   0.6247214   0.62473003  0.62472541
  0.62472975  0.62473369  0.6247296   0.62473796  0.62473359  0.62473771
  0.62474165  0.6247376   0.62474577  0.62474161  0.62474547  0.62474941
  0.62474538  0.62475325  0.62474929  0.62475293  0.62475685  0.62475286
  0.62476047  0.62475672  0.62476014  0.62476407  0.62476011  0.62476752
  0.62476395  0.62476721  0.62477112  0.62476721  0.6247744   0.624771
  0.62477403  0.62477793  0.62477408  0.62478108  0.62477788  0.62478071
  0.62478459  0.62478079  0.62478754  0.6247845   0.62478714  0.624791
  0.62478724  0.62479378  0.62479092  0.62479338  0.62479722  0.62479352
  0.62479985  0.62479715  0.62479944  0.62480325  0.6247996   0.62480578
  0.62480325  0.62480538  0.62480915  0.6248056   0.62481153  0.62480915
  0.62481112  0.62481486  0.62481137  0.62481711  0.62481487  0.62481669
  0.62482041  0.62481693  0.62482249  0.62482039  0.62482207  0.62482574
  0.62482237  0.62482774  0.62482579  0.62482733  0.62483095  0.6248276
  0.62483283  0.62483101  0.62483249  0.62483604  0.62483276  0.62483779
  0.62483609  0.62483739  0.62484091  0.62483768  0.62484259  0.62484101
  0.62484221  0.62484569  0.62484253  0.62484722  0.62484575  0.62484682
  0.62485026  0.6248472   0.62485175  0.62485039  0.62485139  0.62485476
  0.62485177  0.62485617  0.62485492  0.62485579  0.62485912  0.62485617
  0.62486042  0.62485926  0.62486005  0.62486334  0.62486046  0.62486453
  0.6248635   0.62486418  0.62486742  0.62486462  0.62486857  0.62486762
  0.62486825  0.62487141  0.62486868  0.62487249  0.62487163  0.62487217
  0.62487528  0.62487262  0.62487629  0.62487552  0.62487595  0.62487902
  0.6248764   0.62487994  0.62487924  0.62487963  0.62488258  0.62488007
  0.62488347  0.62488286  0.62488317  0.62488612  0.62488363  0.62488694
  0.62488639  0.62488664  0.62488954  0.62488713]